Alabama 860 480 39.92857143
Alaska 100 585 24.4
Arizona 290 430 43.46153846
Arkansas 720 450 33.81818182
California 120 250 44.1
Colorado 400 320 39.92307692
Connecticut 1125 216 40.25
Delaware 1110 140 38.66666667
Florida 1005 580 39.92105263
Georgia 935 470 37.46428571
Hawaii 475 730 20.75
Idaho 265 210 23.77777778
Illinois 790 270 40.60869565
Indiana 850 285 37.81818182
Iowa 670 255 34.5625
Kansas 545 350 36.7
Kentucky 900 365 40.76
Louisiana 740 585 36.72727273
Maine 1160 57 34 34
Maryland 1060 301 40.375
Massachusetts 1130 197 39.07692308
Michigan 870 220 38.46153846
Minnesota 650 105 33.7
Mississippi 795 490 38.6
Missouri 710 345 40.52631579
Montana 320 90 31.53333333
Nebraska 505 270 25.22222222
Nevada 185 260 36.22222222
New_Hampshire 1137 150 38.57142857
New_Jersey 1105 255 39.25
New_Mexico 383 430 42.72727273
New_York 1065 163 36.25925926
North_Carolina 990 405 38.73529412
North_Dakota 515 101 36.55555556
Ohio 905 280 38.23076923
Oklahoma 590 435 43.35
Oregon 135 145 23.60869565
Pennsylvania 995 253 37.7
Rhode_Island 1150 213 37.66666667
South_Carolina 990 450 38
South_Dakota 505 187 31.6
Tennessee 820 440 36.08695652
Texas 520 510 39.47727273
Utah 300 310 45.28571429
Vermont 1110 140 39.33333333
Virginia 1022 345 31.5
Washington 150 70 22.9
West_Virginia 980 330 35.21428571
Wisconsin 764 165 36.62068966
Wyoming 370 206 35.88888889